11111111111000001000000010010011
00000000101000010000000100010011
00000000001000001100011001100011
00001111111100011000000110010011
00001111111100100000001000010011
00000000000100010110011001100011
00001111111100101000001010010011
00001111111100110000001100010011
00000000000100010101011001100011
00001111111100111000001110010011
00001111111101000000010000010011
00000000001000001111011001100011
00001111111101001000010010010011
00001111111101010000010100010011
00001111111101011000010110010011